date,open,high,low,close,volume,ticker,day,vix,turbulence,boll_lb,boll_ub,cci_30,close_30_sma,close_60_sma,dx_30,macd,rsi_30,neg_title,neu_title,pos_title,compound_title,neg_body,neu_body,pos_body,compound_body,msft,fear greed
2018-11-06,107.37999725341795,108.83999633789062,106.27999877929688,107.72000122070312,24340200,msft,1,0.1990999984741211,0.04474714744440126,98.4776716253546,107.15673694398134,-42.62553875316919,104.86736501057943,105.37814407348633,22.69178724362609,-1.1107236591181504,49.178114523194175,0.0,0.89,0.11,0.23835,0.0475,0.866,0.0865,0.8608,0.8604166666666667,0.12
2018-11-07,109.44000244140624,112.23999786376952,109.4000015258789,111.95999908447266,37901700,msft,2,0.16360000610351563,0.077420239128337,98.3460345694153,107.84436917814332,42.72576900751144,104.80281778971354,105.4231990814209,4.53534740887771,-0.6458412656870962,53.802361175631,0.064,0.9359999999999999,0.0,-0.07543333333333334,0.04033333333333333,0.8969999999999999,0.063,0.11713333333333331,0.8633333333333333,0.25
2018-11-08,111.8000030517578,112.20999908447266,110.91000366210938,111.75,25644100,msft,3,0.16719999313354492,0.0510212134071075,98.36252753894304,108.38770439465073,57.436664350052624,104.71781972249347,105.48854459126792,4.535347408877716,-0.2903166155297469,53.552691253847,0.0428,0.6788000000000001,0.27840000000000004,0.33936,0.0338,0.8606,0.1056,0.98092,0.8708333333333332,0.29
2018-11-09,110.8499984741211,111.4499969482422,108.76000213623048,109.56999969482422,32039200,msft,4,0.17360000610351561,0.09210401049429319,98.36252753894304,108.38770439465073,20.43184070518445,104.56444091796877,105.51937993367513,13.75733279066182,-0.1751689051684906,51.01072880133601,0.0,1.0,0.0,0.0,0.0029999999999999996,0.8933333333333334,0.10333333333333333,0.9121666666666667,0.79625,0.18
2018-11-12,109.41999816894533,109.95999908447266,106.0999984741211,106.87000274658205,33621800,msft,0,0.20450000762939452,0.21357964166956112,98.31109275460604,108.369163898226,-34.418016642730336,104.28516438802085,105.50803667704264,23.527346143511966,-0.2894260291701442,48.086329336434886,0.0195,0.8006666666666667,0.17983333333333332,0.23106666666666667,0.027,0.8691666666666666,0.104,0.7883,0.8170833333333333,0.11
2018-11-13,107.5500030517578,108.73999786376952,106.63999938964844,106.94000244140624,35374600,msft,1,0.20020000457763673,0.047512643314174124,98.3189215432644,107.97213604340553,-35.68817007203584,104.02282282511392,105.50915463765462,23.527346143511966,-0.3702944941901052,48.16599797385482,0.0,0.8177272727272726,0.18227272727272725,0.2601,0.023,0.857,0.12018181818181818,0.862209090909091,0.8754166666666667,0.1
2018-11-14,108.0999984741211,108.26000213623048,104.47000122070312,104.97000122070312,39495100,msft,2,0.2125,0.06201425236770075,98.1944770162644,107.58980871981956,-74.1116678393842,103.71138356526691,105.50026295979818,30.831742597790925,-0.5454024105330149,46.563887084836246,0.048799999999999996,0.9064,0.0448,0.031099999999999996,0.0196,0.8654,0.1152,0.99328,0.8979166666666667,0.07
2018-11-15,104.98999786376952,107.8000030517578,103.91000366210938,107.27999877929688,38505200,msft,3,0.1997999954223633,0.1537311431751325,98.18340964969823,107.5283525878506,-57.53449803415244,103.5501266479492,105.51118278503418,32.60748633880957,-0.4989686164878861,49.23608316898299,0.25,0.577,0.173,-0.2023,0.002,0.848,0.149,0.9976,0.8933333333333333,0.1
2018-11-16,107.08000183105467,108.87999725341795,106.8000030517578,108.29000091552734,33502100,msft,4,0.18139999389648442,0.07890676212590958,98.18239054746844,107.5387482159593,6.276158922252334,103.44237213134764,105.53032035827636,25.941836925464777,-0.3793343211567475,50.35888079090483,0.0,1.0,0.0,0.0,0.046,0.878,0.076,0.91,0.8454166666666667,0.1
2018-11-19,108.2699966430664,108.55999755859376,103.5500030517578,104.62000274658205,44773900,msft,0,0.20100000381469726,0.12437041396031816,97.99487869585938,107.28932006512694,-81.14920172107901,103.257741800944,105.47714869181316,36.24997888814516,-0.5631403210355757,46.49335219086458,0.0,1.0,0.0,0.0,0.014333333333333335,0.9146666666666666,0.07166666666666667,0.5283666666666667,0.8908333333333333,0.08
2018-11-20,101.8000030517578,102.97000122070312,99.3499984741211,101.70999908447266,64052500,msft,1,0.22479999542236329,0.1104456245372866,97.28335116615068,107.43041607628096,-227.95253357835944,102.93466974894206,105.35811131795248,46.53106680973307,-0.9242207933703384,43.7394066250719,0.0,0.918,0.082,0.131675,0.03175,0.866,0.10200000000000001,0.712575,0.8529166666666668,0.07
2018-11-21,103.5999984741211,104.43000030517578,102.23999786376952,103.11000061035156,28130600,msft,2,0.20799999237060546,0.06567723589824713,97.5282273155928,107.30397101814744,-138.76256392772794,102.85144424438477,105.2509930928548,38.246327289618165,-1.089064397551894,45.350466186504434,0.0,0.9512,0.048799999999999996,0.08808,0.0312,0.8661999999999999,0.1026,0.39655999999999997,0.87125,0.13
2018-11-23,102.16999816894533,103.80999755859376,102.0,103.06999969482422,13823100,msft,4,0.21520000457763672,0.04710341272994869,97.14776888997964,107.22575939981527,-137.24907278819003,102.77492294311524,105.11511370340985,38.85381431425293,-1.2088772643648582,45.312104762740574,0.0,0.857,0.143,0.128,0.014,0.931,0.055,0.9387,0.8533333333333333,0.09
2018-11-26,104.79000091552734,106.62999725341795,104.58000183105467,106.47000122070312,32336200,msft,0,0.18899999618530278,0.056217239909788684,97.1467298353726,107.2239191209262,-35.921561919862256,102.6905637105306,105.03490880330403,23.58374691107693,-1.0278479323350922,49.097204690350864,0.0,0.9067142857142857,0.09328571428571429,0.12604285714285715,0.050571428571428566,0.857,0.092,0.5298999999999999,0.7958333333333333,0.17
2018-11-27,106.2699966430664,107.33000183105467,105.36000061035156,107.13999938964844,29124500,msft,1,0.19020000457763672,0.041526579645937596,97.46751670072642,107.2628849106017,-10.147711413294536,102.69065526326496,104.959383392334,20.07971303788314,-0.8228460938347553,49.80541074340324,0.099125,0.7651249999999999,0.135875,0.0034249999999999975,0.04525,0.830625,0.123875,0.7036,0.8154166666666667,0.19
2018-11-28,107.88999938964844,111.33000183105467,107.86000061035156,111.12000274658205,46788500,msft,2,0.18489999771118165,0.14343615483446198,97.63658462108478,107.8482511943449,110.76621479216892,102.7098289489746,104.95762672424316,2.352926701278661,-0.3471859433498139,53.75890909393287,0.017,0.762,0.221,0.29512,0.0337,0.8609,0.1055,0.77093,0.7908333333333333,0.21
2018-11-29,110.33000183105467,111.12000274658205,109.02999877929688,110.19000244140624,28123200,msft,3,0.18790000915527344,0.0716916463954378,97.61186189349502,108.24261808697372,112.83441323585274,102.70842463175455,104.9923931121826,2.3529267012786708,-0.0419867634457489,52.754502144415234,0.058249999999999996,0.793,0.148875,0.193075,0.025375,0.887,0.087375,0.863375,0.7816666666666667,0.23
2018-11-30,110.6999969482422,110.97000122070312,109.36000061035156,110.88999938964844,33665600,msft,4,0.18069999694824218,0.12769919455673293,97.65203350763775,108.72480212468646,117.61886529222988,102.80010197957355,105.03439750671389,2.3529267012786788,0.2513696837407622,53.43197277472111,0.0,0.852,0.148,0.21639999999999998,0.03125,0.8552500000000001,0.1135,0.9056500000000001,0.7220833333333333,0.22
2018-12-03,113.0,113.41999816894533,110.7300033569336,112.08999633789062,34732800,msft,0,0.16440000534057617,0.10989378456236512,97.61947035858012,109.37224106720114,162.409207491697,102.92517623901368,105.10412432352702,7.827339447099306,0.5705019158612856,54.58675633135489,0.0502,0.7535999999999999,0.19619999999999999,0.1673,0.0206,0.8558,0.1236,0.81386,0.8491666666666667,0.2
2018-12-04,111.94000244140624,112.63999938964844,108.20999908447266,108.5199966430664,45197000,msft,1,0.20739999771118164,0.08989656343371358,97.67826525197856,109.45520642770892,88.02110152251498,102.90468775431314,105.09787432352702,2.8022062531261485,0.539854059653635,50.71616185987576,0.029199999999999997,0.8744,0.09659999999999999,0.1072,0.031,0.8952,0.0738,0.54356,0.8754166666666667,0.2
2018-12-06,105.81999969482422,109.23999786376952,105.0,109.19000244140624,49107400,msft,3,0.21190000534057618,0.07240810987022103,97.7328995994404,109.58670718156549,23.008322288057958,102.95459111531576,105.07265841166178,14.305123573586648,0.5611476151956794,51.38542322940667,0.0,0.7423333333333334,0.25766666666666665,0.42763333333333337,0.024000000000000004,0.8863333333333333,0.09000000000000001,0.6198666666666667,0.835,0.15
2018-12-07,108.37999725341795,109.4499969482422,104.3000030517578,104.81999969482422,45044900,msft,4,0.2322999954223633,0.04031623725860931,97.55568839534828,109.12287605777672,-30.363126293419377,103.04894460042318,104.96981213887533,16.605732102723866,0.2358138698923397,47.07240134448692,0.053200000000000004,0.9228,0.024,-0.06248,0.0422,0.8764,0.0814,0.39792,0.7845833333333333,0.11
2018-12-10,104.8000030517578,107.9800033569336,103.88999938964844,107.58999633789062,40801500,msft,0,0.2263999938964844,0.05936896085176452,97.65645792977496,108.66788060171918,-20.34316828000705,103.04110997517904,104.89224103291828,17.984337427287162,0.1909753683016077,49.83347367503404,0.0895,0.9105,0.0,-0.1101,0.06125,0.832,0.1065,-0.0032999999999999974,0.8316666666666667,0.09
2018-12-11,109.8000030517578,110.9499969482422,107.44000244140624,108.58999633789062,42381900,msft,1,0.2176000022888184,0.03253763086849867,97.66278061764216,108.61258406741644,58.167306618161575,103.10818481445312,104.82336629231771,4.595353630299566,0.2304693537775506,50.7921384653521,0.0,1.0,0.0,0.0,0.06266666666666666,0.8729999999999999,0.065,-0.1658666666666667,0.8408333333333333,0.08
2018-12-12,110.88999938964844,111.2699966430664,109.04000091552734,109.08000183105467,36183000,msft,2,0.21459999084472656,0.048878465923544265,97.73912199855783,108.79326707004569,78.1573975989498,103.29036051432293,104.7820058186849,3.24591271541371,0.2964178503187185,51.264226169426365,0.030199999999999998,0.7722,0.1976,0.26567999999999997,0.032,0.8642,0.1038,0.9044399999999999,0.8225,0.1
2018-12-13,109.58000183105467,110.87000274658205,108.62999725341795,109.4499969482422,31333400,msft,3,0.20649999618530276,0.04445688979711677,97.81644766919102,109.0018804252914,68.02860193901925,103.4882448832194,104.72948710123698,4.925898392351991,0.3731256529210469,51.62674421514664,0.0,0.9518000000000001,0.0482,0.04526,0.0374,0.8470000000000001,0.11560000000000001,0.57534,0.8308333333333333,0.11
2018-12-14,108.25,109.26000213623048,105.5,106.02999877929688,47043100,msft,4,0.21629999160766603,0.3242632284651981,97.93953918901268,108.98083968671972,-21.47654040314923,103.47795689900715,104.64621620178222,16.725520575376073,0.1663114216945587,48.198589299680165,0.05433333333333334,0.8643333333333333,0.08133333333333333,0.09106666666666667,0.03933333333333333,0.8796666666666666,0.08066666666666666,0.6264,0.74625,0.08
2018-12-17,105.41000366210938,105.8000030517578,101.70999908447266,102.88999938964844,56957300,msft,0,0.24520000457763672,0.08459870136071927,97.38687436763549,109.1108535986731,-128.15652481428342,103.39533996582033,104.4826841990153,28.25149798231393,-0.2387720542658229,45.339143096392334,0.0,0.7933333333333333,0.2066666666666667,0.33499999999999996,0.02566666666666667,0.8673333333333333,0.10666666666666667,0.6264,0.7545833333333333,0.1
2018-12-19,103.6500015258789,106.87999725341795,101.3499984741211,103.69000244140624,68198200,msft,2,0.25579999923706054,0.0613530551859719,96.90587924009807,109.08640286439407,-98.48834601895308,103.23196309407552,104.15718854268393,16.708857150936275,-0.6681570527935321,46.21292181413981,0.0,0.91675,0.08325,0.1147,0.02225,0.88925,0.0885,0.576725,0.8108333333333333,0.08
2018-12-20,103.0500030517578,104.30999755859376,98.77999877929688,101.51000213623048,70334200,msft,3,0.283799991607666,0.07725456252283734,96.86196542357014,109.11106161500408,-151.9717140378302,103.04754257202148,103.95745379130044,24.57738748971429,-0.9828453519640732,44.24790025269733,0.06566666666666666,0.8101666666666666,0.12416666666666666,0.12165000000000002,0.054833333333333324,0.854,0.09083333333333332,0.36643333333333333,0.7616666666666667,0.05
2018-12-21,101.62999725341795,103.0,97.45999908447266,98.2300033569336,111242100,msft,4,0.3011000061035156,0.1811297084412848,95.73182685272435,109.7713752041604,-186.3737258445537,102.62237701416016,103.71259740193685,28.29650240762371,-1.4701027132899611,41.501248142687366,0.0,1.0,0.0,0.0,0.042,0.867,0.09066666666666667,0.6281666666666667,0.7145833333333332,0.03
2018-12-24,97.68000030517578,97.97000122070312,93.9800033569336,94.12999725341795,43935200,msft,0,0.3606999969482422,0.09486551559612438,93.55477315100116,111.08772562829571,-257.9467454925474,102.07234522501628,103.39508247375488,37.04505931884346,-2.149988378223071,38.41753091170926,0.0,1.0,0.0,0.0,0.034,0.938,0.029,-0.1027,0.68125,0.02
2018-12-26,95.13999938964844,100.69000244140624,93.95999908447266,100.55999755859376,51634800,msft,2,0.3040999984741211,0.11233918826495073,92.9325414356974,111.1409677806112,-165.57205603193805,101.79832280476889,103.18138186136882,24.36693260700604,-2.164331506092537,45.04257291961315,0.0,1.0,0.0,0.0,0.048,0.853,0.0995,0.448,0.8283333333333333,0.04
2018-12-27,99.3000030517578,101.19000244140624,96.4000015258789,101.18000030517578,49498500,msft,3,0.29959999084472655,0.04722791912325708,92.43412493685972,111.0655820943903,-124.59057037547092,101.63047205607096,102.9578182220459,22.14650132054121,-2.1032870065488254,45.62606208973982,0.0915,0.75525,0.1535,0.07855000000000001,0.04175,0.8375,0.1205,0.7203999999999999,0.8416666666666667,0.08
2018-12-28,102.08999633789062,102.41000366210938,99.5199966430664,100.38999938964844,38196300,msft,4,0.2834000015258789,0.014917332982499297,91.99371893113484,110.47295053297648,-90.8647338294452,101.43503290812174,102.72892786661784,16.711495591874247,-2.0921636334051072,44.996359689065926,0.0,1.0,0.0,0.0,0.017,0.868,0.115,0.9984,0.7979166666666667,0.12
2018-12-31,101.29000091552734,102.4000015258789,100.44000244140624,101.56999969482422,33173800,msft,0,0.25420000076293947,0.026699002670589295,91.75262633559558,109.88414734604504,-71.42319199822664,101.32592061360675,102.51865208943686,16.71149559187425,-1.9689815588337751,46.14485075394236,0.302,0.698,0.0,-0.5994,0.042,0.893,0.064,0.25,0.6079166666666667,0.12
2019-01-02,99.5500030517578,101.75,98.94000244140624,101.12000274658205,35329300,msft,2,0.2321999931335449,0.08743013005699193,91.61015856872469,109.08600155700776,-81.43515587361841,101.1282346089681,102.33918062845866,21.611853020256746,-1.8845929204207292,45.76784569276202,0.08266666666666667,0.9173333333333332,0.0,-0.11826666666666667,0.04083333333333333,0.8593333333333333,0.09999999999999999,0.6184333333333333,0.8066666666666668,0.12
2019-01-03,100.0999984741211,100.19000244140624,97.1999969482422,97.4000015258789,42579100,msft,3,0.2545000076293945,0.10652882275340993,91.1974026404582,108.084470681075,-114.33062967013996,100.77875442504885,102.11056327819824,26.94193531466144,-2.082699450304148,42.77893769110324,0.0,0.8793333333333333,0.12066666666666666,0.09316666666666668,0.03166666666666667,0.8649999999999999,0.10366666666666667,0.6289666666666667,0.845,0.1
2019-01-04,99.72000122070312,102.51000213623048,98.93000030517578,101.93000030517578,44060600,msft,4,0.21379999160766602,0.057489333902326925,91.17377208179649,107.4736438422758,-59.80385802003184,100.69242680867514,101.97508430480956,15.726471648636489,-1.8662693074434171,47.128546541009165,0.0,0.9245,0.0755,0.07655,0.021,0.9099999999999999,0.0695,0.44665,0.8358333333333333,0.16
2019-01-07,101.63999938964844,103.2699966430664,100.9800033569336,102.05999755859376,35656100,msft,0,0.21399999618530277,0.05090069619493912,91.29394570734225,106.66702459905424,-43.22725004974056,100.70365880330404,101.81916427612305,12.253523332556812,-1.6654479973698813,47.247606651130745,0.0,0.8075,0.1925,0.3062,0.037,0.8285,0.1345,0.9957499999999999,0.82125,0.19
2019-01-08,103.04000091552734,103.97000122070312,101.70999908447266,102.8000030517578,31514400,msft,1,0.2046999931335449,0.057417389116631086,91.25079489592532,106.5157006179907,-30.16477585711701,100.69371032714844,101.7725772857666,9.03191045484211,-1.4322964316736488,47.93788474245597,0.0,0.7713333333333333,0.22866666666666668,0.2852,0.021666666666666667,0.8758333333333334,0.1025,0.9055833333333334,0.8695833333333333,0.22
2019-01-09,103.86000061035156,104.87999725341795,103.23999786376952,104.2699966430664,32280800,msft,2,0.1997999954223633,0.04662794188472505,91.37682122605996,106.07003851515096,-8.152444939493387,100.73222045898436,101.7535717010498,4.850283419362753,-1.120408927048274,49.30114688203111,0.031625,0.835375,0.133,0.1008625,0.015375,0.86625,0.11837500000000001,0.908425,0.8670833333333333,0.27
2019-01-10,103.22000122070312,103.75,102.37999725341795,103.5999984741211,30067600,msft,3,0.195,0.05126186250387418,91.64133983426258,105.32510532564952,-22.367346320065717,100.64011688232422,101.6653402964274,8.399342433209588,-0.91474080230401,48.69987945379607,0.0,0.79175,0.20825000000000002,0.322925,0.02325,0.8955,0.08099999999999999,0.620475,0.8616666666666667,0.31
2019-01-11,103.19000244140624,103.44000244140624,101.63999938964844,102.8000030517578,28314200,msft,4,0.18190000534057618,0.027892438576390798,92.05816572670776,104.30367051596802,-31.183770980374597,100.50083872477214,101.59574699401855,11.437775277786209,-0.8046204679335176,47.97714175757497,0.07366666666666667,0.6096666666666667,0.31666666666666665,0.3765,0.01933333333333333,0.847,0.13366666666666668,0.883,0.7941666666666667,0.3
2019-01-14,101.9000015258789,102.87000274658205,101.26000213623048,102.0500030517578,28437100,msft,0,0.1906999969482422,0.02719014142585926,92.71949631975434,102.9299009580777,-38.37461567783008,100.20976537068684,101.45979715983071,13.02148909717236,-0.7667759259854705,47.29639345912282,0.0,0.875,0.125,0.1953,0.033,0.8833333333333333,0.08333333333333333,0.9051333333333332,0.75625,0.28
2019-01-15,102.51000213623048,105.0500030517578,101.87999725341795,105.01000213623048,31587600,msft,1,0.18600000381469728,0.08594135753243784,92.82624628949009,102.72495228839078,1.428574122039286,100.0435297648112,101.37597719828288,1.8519018619352217,-0.5010560185067732,50.18231435502312,0.026375,0.762125,0.21150000000000002,0.2129375,0.027875,0.867625,0.1045,0.7640375,0.7720833333333332,0.31
2019-01-16,105.26000213623048,106.26000213623048,104.95999908447266,105.37999725341795,29853900,msft,2,0.19040000915527344,0.2637493986134556,92.70509961530406,103.08582445696156,38.46990142242599,99.86670277913412,101.33340237935384,3.789545605665454,-0.258745957476961,50.53256063630173,0.04,0.8376000000000001,0.1224,0.16828,0.0412,0.8384,0.12040000000000002,0.60512,0.7875,0.36
2019-01-17,105.0,106.62999725341795,104.76000213623048,106.12000274658205,28393000,msft,3,0.18059999465942383,0.031131068467786596,92.5477024425822,103.45021473271078,53.14059102225364,99.67511469523112,101.3001454671224,5.500450197820916,-0.0091197525275106,51.24184181355079,0.0,0.8322499999999999,0.16775,0.26377500000000004,0.04375,0.8435,0.1125,0.5655,0.79625,0.44
2019-01-18,107.45999908447266,107.9000015258789,105.91000366210938,107.70999908447266,37427600,msft,4,0.17799999237060546,0.027491262444737152,92.21811846080156,104.16682492909102,88.68079576903322,99.64912033081056,101.27690404256184,11.288801211124753,0.3086741343345238,52.74777386540008,0.0,1.0,0.0,0.0,0.01,0.901,0.089,0.9905,0.7441666666666668,0.51
2019-01-22,106.75,107.0999984741211,104.86000061035156,105.68000030517578,32371300,msft,1,0.20799999237060546,0.04180964798724827,92.21796087603587,104.56845117230398,61.04247492912455,99.5364776611328,101.24553438822429,5.57362495177574,0.3982344221142284,50.6804007875243,0.075,0.7817142857142857,0.1432857142857143,0.10372857142857142,0.053,0.8427142857142857,0.10414285714285713,0.696,0.7729166666666667,0.51
2019-01-23,106.12000274658205,107.04000091552734,105.33999633789062,106.70999908447266,25874300,msft,2,0.19520000457763673,0.1929392081560443,92.61051121821224,104.99231699834048,72.38076663239029,99.5971316019694,101.32303810119627,5.573624951775733,0.5429694949032182,51.67455895434818,0.0,1.0,0.0,0.0,0.018,0.865,0.117,0.9969,0.7745833333333333,0.55
2019-01-24,106.86000061035156,107.0,105.33999633789062,106.1999969482422,23164800,msft,3,0.1888999938964844,0.07358741620162197,94.3500546414094,104.41481962616872,68.50829455299075,99.55252380371094,101.29681688944498,5.573624951775727,0.6110097474034006,51.14646950914639,0.07700000000000001,0.7783333333333333,0.14466666666666667,0.09781111111111111,0.05344444444444444,0.8584444444444445,0.08811111111111111,0.4685888888888889,0.7841666666666667,0.58
2019-01-25,107.23999786376952,107.87999725341795,106.1999969482422,107.16999816894533,31225600,msft,4,0.17420000076293946,0.09940672429970218,94.54850102022117,104.85275554105814,94.26776231600957,99.50695343017578,101.30756912231443,10.289922942830842,0.7318511885517438,52.10941983158919,0.0,1.0,0.0,0.0,0.111,0.779,0.11,-0.6586,0.7120833333333333,0.58
2019-01-28,106.26000213623048,106.4800033569336,104.66000366210938,105.08000183105467,29476700,msft,0,0.18870000839233397,0.16712022305462645,94.8143802210427,104.9623516515159,59.340182436795686,99.378586324056,101.33447341918944,0.8655594547465904,0.6576736675093429,49.91636452327586,0.0838,0.796,0.1202,0.0826,0.0618,0.8343999999999999,0.1036,0.5772,0.6041666666666666,0.55
2019-01-29,104.87999725341795,104.97000122070312,102.16999816894533,102.94000244140624,31490500,msft,1,0.191299991607666,0.052897423043819,95.15267887239996,104.86955470914302,11.874904310605295,99.16966807047524,101.32895647684732,12.114549858215392,0.4277072769719012,47.78611799459362,0.0679,0.8189,0.11320000000000001,0.07911,0.032600000000000004,0.8718,0.09570000000000001,0.63803,0.6270833333333333,0.55
2019-01-30,104.62000274658205,106.37999725341795,104.33000183105467,106.37999725341795,49471900,msft,2,0.17659999847412108,0.13097545304615002,95.38910266939294,105.09621684965003,80.76152376561285,99.18090082804362,101.3294288635254,4.012372732349687,0.5068563469325511,51.24601748947287,0.009,0.8533125,0.13775,0.1504875,0.0308125,0.85375,0.115375,0.8284375,0.6745833333333333,0.58
2019-01-31,103.8000030517578,105.22000122070312,103.18000030517578,104.43000030517578,55636400,msft,3,0.1656999969482422,0.10128353039471623,95.74238223559352,105.06160946362525,38.514199561079714,99.23032251993816,101.31283124287924,9.701732476365674,0.4133296578531116,49.32920545556373,0.0,0.754,0.246,0.38797777777777775,0.050555555555555555,0.8377777777777777,0.11166666666666665,0.7673666666666666,0.6120833333333333,0.58
2019-02-01,103.77999877929688,104.0999984741211,102.3499984741211,102.77999877929688,35535700,msft,4,0.16139999389648438,0.185969539003209,97.1086000520332,104.21335429366992,4.789397986929414,99.19213358561198,101.2659231821696,13.6504193991511,0.2086217741745173,47.76532032121848,0.306,0.501,0.193,-0.035050000000000026,0.0485,0.9045,0.047,-0.10909999999999997,0.5829166666666666,0.61
2019-02-04,102.87000274658205,105.8000030517578,102.7699966430664,105.73999786376952,31315100,msft,0,0.15729999542236328,0.06705684940112833,97.46693758678066,104.22182736683264,52.0666255234003,99.25792109171547,101.24494209289551,3.719938709379752,0.2731908697362399,50.66774661812449,0.0,0.8455714285714285,0.15442857142857142,0.24062857142857141,0.051,0.8621428571428572,0.087,0.5309428571428572,0.7133333333333333,0.62
2019-02-05,106.05999755859376,107.2699966430664,105.95999908447266,107.22000122070312,27325400,msft,1,0.15569999694824221,0.03318761808378812,97.78597630057212,104.39957210030678,103.1754360987459,99.44116592407228,101.24435424804688,4.0310816060975565,0.4343334512741421,52.04600184861225,0.0475,0.8180000000000001,0.13425,0.06475,0.03975,0.8585,0.10175000000000001,0.8366750000000001,0.7325,0.64
2019-02-06,107.0,107.0,105.52999877929688,106.02999877929688,20609800,msft,2,0.15380000114440917,0.037470739834206276,98.07158181756432,104.42493383795326,80.92569457628207,99.69148152669273,101.15692927042645,1.6556359267988623,0.4642391195570923,50.8639869984427,0.027833333333333335,0.8188333333333334,0.15333333333333332,0.16926666666666668,0.0355,0.868,0.09649999999999999,0.6531666666666667,0.72375,0.63
2019-02-07,105.19000244140624,105.58999633789062,104.29000091552734,105.2699966430664,29760700,msft,3,0.16370000839233398,0.04930663318932723,98.14562534635486,104.447166401692,43.69204249113738,100.04898478190104,101.06066500345864,5.029159776567292,0.4240118399876564,50.11211631317377,0.0,0.876,0.124,0.1779,0.023,0.89,0.087,0.9116,0.7508333333333332,0.63
2019-02-08,104.38999938964844,105.77999877929688,104.26000213623048,105.66999816894533,21461100,msft,4,0.15720000267028808,0.03630901578071852,98.32732950834826,104.46475041718884,45.612088992248594,100.2129737854004,101.00564829508464,3.909939141990817,0.4183812040812711,50.51040808724997,0.0,0.9,0.1,0.1806,0.040999999999999995,0.868,0.0905,0.9358500000000001,0.7079166666666667,0.63
2019-02-11,106.1999969482422,106.58000183105467,104.97000122070312,105.25,18914100,msft,0,0.15970000267028808,0.055047712962498566,98.66413079665163,104.36382406785032,54.769930239100255,100.3435880025228,100.98703002929688,0.8457484368318493,0.3769478232361223,50.07615346775352,0.0705,0.7869999999999999,0.1425,0.16435,0.043500000000000004,0.8729999999999999,0.08366666666666667,0.7854166666666668,0.7416666666666667,0.62
2019-02-12,106.13999938964844,107.13999938964844,105.4800033569336,106.88999938964844,25056600,msft,1,0.15430000305175778,0.03555684632490993,99.28547537426468,104.20845315356732,82.7891058482628,100.55218505859376,100.99360898335776,4.128981794186016,0.4661430714576795,51.75183716946359,0.0,0.931,0.069,0.0710125,0.025375,0.855125,0.11975,0.969075,0.7741666666666667,0.67
2019-02-13,107.5,107.77999877929688,106.70999908447266,106.80999755859376,18394900,msft,2,0.15649999618530272,0.027687693550816482,99.34628726086008,104.32093686023366,99.73852541602196,100.72034657796225,101.0231335957845,7.856437835731629,0.5245692717927994,51.66433136332248,0.030428571428571426,0.8241428571428572,0.14542857142857143,0.1460857142857143,0.036,0.8331428571428571,0.13071428571428573,0.8296285714285715,0.7579166666666667,0.65
2019-02-14,106.30999755859376,107.29000091552734,105.66000366210938,106.9000015258789,21784700,msft,3,0.1621999931335449,0.4541683164089367,99.3805297085879,104.4330345919492,77.90545810336243,100.905837504069,101.01703605651856,0.9715665310862588,0.5712788015564456,51.75926182705732,0.05625,0.86175,0.08199999999999999,-0.034425000000000004,0.021500000000000002,0.86725,0.11125,0.938825,0.74375,0.67
2019-02-19,107.79000091552734,108.66000366210938,107.77999877929688,108.16999816894533,18038500,msft,1,0.14880000114440917,0.032017880343401174,99.2414586396428,104.81857019946855,140.0310740100095,101.45332463582356,101.07287572224936,9.202017623755648,0.7938900890748215,53.094969160933616,0.0,0.898,0.102,0.09866666666666667,0.02566666666666667,0.8690000000000001,0.10533333333333333,0.9567,0.81625,0.69
2019-02-20,107.86000061035156,107.94000244140624,106.29000091552734,107.1500015258789,21607700,msft,2,0.1402000045776367,0.049713433306084874,99.25201713343516,104.99359291295158,92.85366164943612,101.6313575744629,101.16750818888346,0.8561979711846003,0.8130640673885239,52.40436423482435,0.0,0.8979999999999999,0.102,0.11664285714285715,0.046571428571428576,0.824,0.129,0.6500285714285715,0.84125,0.7
2019-02-21,106.9000015258789,109.4800033569336,106.87000274658205,109.41000366210938,29063200,msft,3,0.14460000038146972,0.06386703738903081,98.97557456398616,105.5749648342072,156.31805891745356,101.85847956339518,101.2760949452718,8.459250561212945,0.993132264984368,54.855819153765125,0.048285714285714286,0.8244285714285714,0.12728571428571428,0.13069999999999998,0.04228571428571428,0.8457142857142858,0.112,0.6822999999999999,0.81375,0.7
2019-02-22,110.0500030517578,111.1999969482422,109.81999969482422,110.97000122070312,27763200,msft,4,0.13510000228881835,0.030926322786390896,98.53762252150526,106.51777756394397,231.3614641687258,102.08870391845704,101.4104621887207,17.551163254802407,1.2432144893831207,56.45725937051057,0.10075,0.831375,0.06787499999999999,-0.019674999999999998,0.035250000000000004,0.828,0.13675,0.9959875,0.7595833333333333,0.69
2019-02-25,111.76000213623048,112.18000030517578,111.26000213623048,111.58999633789062,23750600,msft,0,0.14850000381469727,0.04461389378296338,98.10965629182007,107.41716484465454,246.57635421645656,102.36041208902996,101.50026448567708,22.25423868554354,1.4728013014405548,57.083207364075605,0.10033333333333333,0.7843333333333332,0.11533333333333333,-0.025566666666666665,0.030333333333333334,0.856,0.11366666666666668,0.8896666666666667,0.8204166666666667,0.7
2019-02-26,111.26000213623048,113.23999786376952,111.16999816894533,112.36000061035156,21536700,msft,1,0.15170000076293944,0.022530333420568944,97.8647009711876,108.4092049736366,240.3240788282719,102.68260955810548,101.5917241414388,27.064590441560632,1.6952819813304387,57.86144422411852,0.05566666666666667,0.8473333333333333,0.09699999999999999,0.09196666666666665,0.036333333333333336,0.8436666666666666,0.11966666666666666,0.3685333333333333,0.8345833333333332,0.7
2019-02-27,111.69000244140624,112.36000061035156,110.87999725341795,112.16999816894533,21487100,msft,2,0.14699999809265138,0.09734594708898583,98.1814876639557,109.02716330650328,198.20993783225663,103.02275263468424,101.61625900268557,24.8062232513981,1.8356159690781908,57.59484151048001,0.0,0.919875,0.080125,0.129525,0.023875,0.8552500000000001,0.120875,0.8667125,0.8191666666666667,0.72
2019-02-28,112.04000091552734,112.87999725341795,111.7300033569336,112.02999877929688,29083900,msft,3,0.1477999973297119,0.04628027491036833,98.11811789047331,109.68055306899932,187.6778539194712,103.26339162190756,101.65346069335938,27.283463165417736,1.9138475435999,57.39327254358458,0.0,0.9253333333333332,0.07466666666666667,0.12726666666666667,0.019666666666666666,0.8676666666666666,0.11233333333333334,0.5829333333333334,0.8254166666666667,0.72
2019-03-01,112.88999938964844,113.0199966430664,111.66999816894533,112.52999877929688,23501200,msft,4,0.1356999969482422,0.10410076150075752,98.36354700311162,110.26122411505244,168.59938478908796,103.50827153523764,101.68748715718588,27.96644681381441,1.9918939924836248,57.93715122040235,0.0,1.0,0.0,0.0,0.057999999999999996,0.853,0.089,0.36665000000000003,0.79625,0.71
2019-03-04,113.0199966430664,113.25,110.8000030517578,112.26000213623048,26608000,msft,0,0.1463000011444092,0.07797018363662181,99.1229809819663,110.46064175973294,139.43562857416163,103.7207021077474,101.69790840148926,20.451210250625536,2.0095187746727845,57.52696615150683,0.0,0.8505,0.1495,0.21395,0.018500000000000003,0.8855,0.096,0.8976,0.7270833333333333,0.65
2019-03-05,112.25,112.38999938964844,111.2300033569336,111.6999969482422,19538300,msft,1,0.14739999771118165,0.03274621439767056,99.44350257508032,110.75985054381616,116.05940555496387,103.86405766805014,101.75658899943032,20.451210250625536,1.9572330161142872,56.66607904388806,0.12866666666666668,0.725,0.14633333333333334,0.015066666666666673,0.045000000000000005,0.8116666666666666,0.143,0.9758,0.7575,0.63
2019-03-06,111.87000274658205,112.66000366210938,111.43000030517578,111.75,17687000,msft,2,0.15739999771118163,0.04317138101669949,99.61060078862626,111.0748263048796,109.34920907933515,104.0741709391276,101.8053243001302,22.07417529037744,1.897819910577411,56.7258871990967,0.0945,0.8755000000000001,0.03,-0.044550000000000006,0.046,0.81625,0.138,0.9957,0.7370833333333333,0.61
2019-03-07,111.4000015258789,111.5500030517578,109.87000274658205,110.38999938964844,25339000,msft,3,0.16590000152587892,0.01315998315017149,100.0258470158452,111.12473205519971,69.0947134995893,104.2073984781901,101.90226504007975,8.41339487315907,1.7247486017125766,54.60514498940562,0.0,0.942,0.058,0.08895,0.06,0.8200000000000001,0.1195,0.48035,0.72125,0.58
2019-03-08,109.16000366210938,110.70999908447266,108.8000030517578,110.51000213623048,22818400,msft,4,0.16049999237060547,0.02245960105328981,100.64836640369757,111.0521340845837,50.055734861540046,104.36086018880208,101.95669199625652,0.1926528721720266,1.5787513405405915,54.75952346542002,0.10125,0.81425,0.08449999999999999,-0.031675,0.0455,0.8225,0.132,0.928925,0.6795833333333333,0.55
2019-03-11,110.98999786376952,112.9499969482422,110.9800033569336,112.83000183105467,26491600,msft,0,0.14329999923706058,0.13996417290410754,101.20458254060124,111.23164487639092,96.8894489873119,104.55796407063802,102.0324587504069,14.671951743160356,1.6253139817521003,57.640723535288885,0.0782,0.8516,0.0702,-0.054099999999999995,0.0398,0.8734,0.0868,0.34764,0.72875,0.59
2019-03-12,112.81999969482422,113.98999786376952,112.6500015258789,113.62000274658205,26132700,msft,1,0.13770000457763673,0.07260839532720045,101.94057748493502,111.34819280925444,114.28806667239014,104.84760080973308,102.11309356689452,20.40296883095543,1.7042050614884658,58.57017218770329,0.0708,0.7762,0.153,0.053099999999999994,0.028599999999999997,0.8640000000000001,0.10740000000000001,0.5314,0.76,0.59
2019-03-13,114.12999725341795,115.0,113.77999877929688,114.5,35513800,msft,2,0.1340999984741211,0.04030687314956058,102.34149460907824,111.72701277617568,127.0369598794926,105.2342763264974,102.20197219848632,25.591168063960662,1.814467482387073,59.59187695437341,0.0,1.0,0.0,0.0,0.030666666666666665,0.8743333333333333,0.09533333333333334,0.6687,0.73375,0.6
2019-03-14,114.54000091552734,115.1999969482422,114.33000183105467,114.58999633789062,30763400,msft,3,0.135,0.030885371036250546,102.89227207650406,111.97237407217756,122.84930960817977,105.51345545450846,102.34717814127605,26.60381495768027,1.8871177371468375,59.69700716298276,0.062375,0.7933749999999999,0.14425,0.07897499999999999,0.0305,0.85025,0.11925,0.9792125,0.72625,0.6
2019-03-15,115.33999633789062,117.25,114.58999633789062,115.91000366210938,54681100,msft,4,0.12880000114440918,0.0365200384688335,103.42122711863388,112.35852141652238,139.1860043661627,105.8977564493815,102.56403948465984,36.12821132789299,2.0243436075266743,61.22788139839658,0.0,0.8753333333333333,0.12466666666666666,0.17663333333333334,0.06333333333333334,0.8216666666666667,0.11533333333333334,0.9635333333333334,0.68375,0.65
2019-03-18,116.16999816894533,117.61000061035156,116.0500030517578,117.56999969482422,31207600,msft,0,0.13100000381469729,0.048006679586993214,103.54915293978988,113.17911549282732,155.52338509507095,106.38850911458331,102.79032135009766,37.64712428646501,2.2368217668270063,63.05357048241819,0.050333333333333334,0.8643333333333333,0.08533333333333333,0.10786666666666667,0.01933333333333333,0.8553333333333333,0.12533333333333332,0.9642333333333334,0.8220833333333333,0.67
2019-03-19,118.08999633789062,118.44000244140624,116.98999786376952,117.6500015258789,37588700,msft,1,0.135600004196167,0.042823974630390664,103.887947924553,113.80138770777124,158.64066362038915,106.78684819539389,103.02238464355467,41.09923153132088,2.383971919436973,63.14008886702641,0.0,0.9314,0.0686,0.08982,0.0154,0.8644000000000001,0.1202,0.9878,0.8641666666666667,0.67
2019-03-20,117.38999938964844,118.75,116.70999908447266,117.5199966430664,28113300,msft,2,0.1390999984741211,0.049102924978496894,104.59906555307538,114.092912138575,146.9267368456297,107.13350067138671,103.28733329772948,42.37301787039821,2.4620658356558778,62.89247563376538,0.09671428571428572,0.8667142857142858,0.03642857142857143,-0.17138571428571428,0.052714285714285714,0.8472857142857143,0.09971428571428571,0.32120000000000004,0.8433333333333333,0.64
2019-03-21,117.13999938964844,120.81999969482422,117.08999633789062,120.22000122070312,29854400,msft,3,0.13630000114440918,0.08756367630940447,104.51037189191509,115.22678936296772,170.1001720941873,107.60536142985026,103.64842147827147,50.07910158133121,2.7034405772954813,65.77607978413548,0.0,0.978,0.022,0.016,0.039,0.8375,0.123625,0.73445,0.83,0.64
2019-03-25,116.55999755859376,118.01000213623048,116.31999969482422,117.66000366210938,27067100,msft,0,0.16329999923706054,0.021224621888873498,104.9307642608968,115.9811436980876,115.03860723368577,108.40035476684572,104.30666427612304,42.039406826760455,2.566936741695656,60.77675759739738,0.0,0.82925,0.17075,0.290025,0.02425,0.842,0.13375,0.9463,0.7458333333333332,0.55
2019-03-26,118.62000274658205,118.70999908447266,116.8499984741211,117.91000366210938,26097700,msft,1,0.1468000030517578,0.04565919175537162,105.05172794083524,116.39679271956514,116.04198257327572,108.82279815673829,104.58319307963052,44.91889986854849,2.5175504568578333,61.05544377939455,0.0835,0.9165,0.0,-0.148,0.014,0.882,0.1035,0.9612,0.7633333333333333,0.51
2019-03-27,117.87999725341795,118.20999908447266,115.5199966430664,116.7699966430664,22733400,msft,2,0.15149999618530272,0.028201150039574838,105.30026267814314,116.59301582527485,86.68848356790441,109.15586929321287,104.85402717590333,31.63642287632368,2.362238149582609,59.07542874140714,0.04871428571428572,0.7585714285714287,0.1927142857142857,0.1686857142857143,0.03014285714285714,0.8424285714285714,0.12714285714285714,0.6512428571428571,0.7708333333333333,0.52
2019-03-28,117.44000244140624,117.58000183105467,116.12999725341795,116.93000030517578,18334800,msft,3,0.1443000030517578,0.030687814965823776,105.60432484407154,116.76271922331128,80.94868874713409,109.49666493733724,105.10850575764974,31.63642287632368,2.225976681401164,59.26723601235162,0.08866666666666667,0.8463333333333334,0.065,-0.08750000000000001,0.010333333333333333,0.8476666666666667,0.14200000000000002,0.9976666666666666,0.7641666666666667,0.48
2019-03-29,118.06999969482422,118.31999969482422,116.95999908447266,117.94000244140624,25399800,msft,4,0.13710000038146972,0.022839064259173644,105.84562326317612,117.04449819678484,92.58391448122144,109.86712392171223,105.38648071289064,35.40074821169034,2.171753069655196,60.47675699227466,0.0,0.95825,0.04175,0.050575,0.0395,0.81625,0.1445,0.990075,0.7158333333333333,0.49
2019-04-01,118.9499969482422,119.11000061035156,118.0999984741211,119.0199966430664,22789100,msft,0,0.13399999618530273,0.04086984416104481,106.12345424674876,117.42026752449148,106.39215313968285,110.23002853393557,105.74154980977376,39.22004634583705,2.1878186331895506,61.73365204297289,0.0,0.902,0.09799999999999999,0.12040000000000001,0.011000000000000001,0.875,0.11399999999999999,0.8380666666666666,0.75,0.56
2019-04-02,119.05999755859376,119.4800033569336,118.5199966430664,119.19000244140624,18142300,msft,1,0.13359999656677246,0.20173942986137985,106.57611347539304,117.6917927135718,106.19242213954897,110.60001678466796,106.02667071024575,40.96743212601677,2.1885857670467743,61.93080237841352,0.03775,0.8385,0.12375,0.0578,0.007,0.858,0.13475,0.955675,0.7779166666666667,0.56
2019-04-03,119.86000061035156,120.43000030517578,119.1500015258789,119.97000122070312,22860700,msft,2,0.13739999771118164,0.034826132956212216,107.06802840479055,117.99464401952586,116.64484617051691,111.01319173177085,106.32227465311686,45.28478457826426,2.2244064032357187,62.83948304850255,0.0446,0.806,0.1494,0.16454,0.0178,0.8432000000000001,0.139,0.9951000000000001,0.76125,0.64
2019-04-04,120.0999984741211,120.2300033569336,118.37999725341795,119.36000061035156,20112800,msft,3,0.13579999923706057,0.05031416637863616,108.0950950094082,117.83485723058205,98.34502815511004,111.33386942545572,106.59617449442544,36.627183597551,2.18007223251712,61.64898772106326,0.029833333333333333,0.8315,0.13866666666666666,0.14991666666666667,0.03,0.8566666666666666,0.1135,0.8797166666666666,0.7641666666666667,0.7
2019-04-05,119.38999938964844,120.2300033569336,119.37000274658205,119.88999938964844,15826200,msft,4,0.12819999694824222,0.021361866977579382,109.31847901903656,117.51839689649078,103.22138352468968,111.62135213216146,106.85502802530924,36.627183597551,2.1613732597461706,62.29111005660371,0.06133333333333333,0.7823333333333333,0.15633333333333332,0.1783,0.04033333333333333,0.8413333333333334,0.11833333333333333,0.9896333333333334,0.70625,0.74
2019-04-08,119.80999755859376,120.0199966430664,118.63999938964844,119.93000030517578,15116200,msft,0,0.1318000030517578,0.0399648262123844,110.05647106171062,117.466883277889,90.7582376691824,111.89014180501302,107.12527694702148,28.341942434591587,2.1251776993376126,62.34034569886858,0.0,0.9636666666666667,0.036333333333333336,0.0086,0.037,0.8460000000000001,0.11666666666666665,0.9738000000000001,0.8025,0.72
2019-04-09,118.62999725341795,119.54000091552734,118.58000183105467,119.27999877929688,17612000,msft,1,0.1427999973297119,0.02376386682456036,110.76152629217152,117.30907383600233,77.39211401768752,112.11316553751628,107.39788754781088,27.661797589514457,2.022464510549128,61.00158329383908,0.0,0.8451666666666666,0.15483333333333335,0.21406666666666666,0.0265,0.823,0.1505,0.9973833333333334,0.83875,0.7
2019-04-10,119.76000213623048,120.3499984741211,119.54000091552734,120.19000244140624,16477200,msft,2,0.13300000190734862,0.023449696689450263,111.30044092723432,117.3203056853145,93.78944135167008,112.37164154052736,107.6971970876058,32.80115079452686,1.9891314419486288,62.17787675683734,0.09699999999999999,0.903,0.0,-0.19063333333333332,0.060666666666666674,0.819,0.12033333333333333,0.3362,0.8220833333333333,0.72
2019-04-11,120.54000091552734,120.8499984741211,119.91999816894533,120.33000183105467,14209100,msft,3,0.13020000457763672,0.06416661223259126,111.941847764501,117.23388084267675,97.6243222434616,112.63914133707682,107.9512664794922,35.81038185570636,1.9511450226938365,62.358557908839245,0.03268,0.8037399999999999,0.16358,0.17230399999999998,0.022860000000000002,0.84762,0.1295,0.975294,0.80875,0.68
2019-04-12,120.63999938964844,120.9800033569336,120.37000274658205,120.9499969482422,19745100,msft,4,0.12010000228881836,0.4817687826546907,112.26561914371126,117.39741033626922,103.5901350516339,112.91050923665364,108.20939038594564,36.599495889437385,1.946969444058368,63.16477916969884,0.02507142857142857,0.8103214285714285,0.16460714285714287,0.19396428571428573,0.018714285714285715,0.8295,0.15175,0.9256857142857143,0.775,0.72
2019-04-15,120.94000244140624,121.58000183105467,120.56999969482422,121.0500030517578,15792600,msft,0,0.1231999969482422,0.06718372592339467,112.3147660035704,117.68473350814833,108.2077281433639,113.19380137125653,108.45725173950196,40.22484523069499,1.9292238503120276,63.29595686518456,0.0126,0.8849714285714286,0.10242857142857142,0.13187142857142856,0.025314285714285716,0.8498,0.12491428571428571,0.9617314285714287,0.7983333333333333,0.7
2019-04-16,121.63999938964844,121.6500015258789,120.0999984741211,120.7699966430664,14071800,msft,1,0.1218000030517578,0.06830116199570183,112.42215437209131,117.87900758469578,99.44037850607138,113.48611780802408,108.6750877380371,33.81743700650169,1.871737921187289,62.64973365788588,0.03591666666666667,0.83,0.13408333333333333,0.12961333333333333,0.023666666666666666,0.8458333333333333,0.1305,0.9889566666666667,0.8066666666666668,0.69
2019-04-17,121.23999786376952,121.8499984741211,120.54000091552734,121.7699966430664,19300900,msft,2,0.12600000381469728,0.1974165822855939,112.49524787624952,118.2168332699907,111.73498976351662,113.80905202229818,108.9416114807129,35.165018065191184,1.882498224708556,64.00731683520871,0.03176190476190476,0.8719523809523809,0.0962857142857143,0.0844190476190476,0.021476190476190475,0.8479523809523809,0.1306190476190476,0.9885571428571428,0.8008333333333333,0.71
2019-04-18,122.19000244140624,123.5199966430664,121.3000030517578,123.37000274658205,27991000,msft,3,0.1209000015258789,0.13228017811704096,112.16634081651856,118.85030423353028,147.15342350151974,114.22738342285156,109.21739095052084,45.1363337176751,1.9928816471914812,66.0497802680116,0.0,0.9425714285714285,0.05742857142857143,0.0817,0.03371428571428571,0.8538571428571429,0.11242857142857143,0.983,0.7895833333333333,0.7
2019-04-22,122.62000274658205,124.0,122.56999969482422,123.76000213623048,15648700,msft,0,0.12420000076293944,0.055900210224051596,112.1989049631762,119.46650641377694,164.27233904295977,114.65441665649412,109.50763842264811,47.61186263363908,2.086733556201793,66.52871731931651,0.017828125,0.844078125,0.138078125,0.1585625,0.022953124999999998,0.870671875,0.10640625,0.9541203125,0.73875,0.71
2019-04-23,124.0999984741211,125.58000183105467,123.83000183105467,125.44000244140624,24025500,msft,1,0.12279999732971192,0.11204218264429051,111.97067501000488,120.44696033545412,203.57190478935104,115.06082407633464,109.80939407348632,54.789756537674975,2.266062320921137,68.50845290524305,0.033891304347826084,0.8164782608695652,0.14965217391304347,0.14489347826086957,0.02782608695652174,0.8501739130434782,0.1218695652173913,0.9770239130434782,0.84625,0.73
2019-04-24,125.79000091552734,125.8499984741211,124.5199966430664,125.01000213623048,31257000,msft,2,0.13140000343322755,0.04350372097797106,111.96814316102262,121.13596831969028,197.05538053817207,115.42791188557943,110.13775634765624,55.89365621298524,2.3475722545332047,67.45209702553457,0.06366666666666666,0.8279259259259258,0.10840740740740741,0.06633703703703704,0.024444444444444446,0.8497222222222222,0.1257962962962963,0.9421166666666666,0.8516666666666667,0.7
2019-04-25,130.05999755859375,131.3699951171875,128.8300018310547,129.14999389648438,38033900,msft,3,0.1325,0.7780821370608445,111.55882965345708,122.74226516465816,301.6407910231597,115.90006510416669,110.56717071533204,71.2404807298005,2.703993250625061,71.78514897912859,0.05215714285714285,0.8522571428571428,0.0956,0.06974,0.02775714285714286,0.8407,0.1315142857142857,0.9354528571428572,0.86125,0.71
2019-04-26,129.6999969482422,130.52000427246094,129.02000427246094,129.88999938964844,23654900,msft,4,0.12729999542236328,0.1714902281714794,111.36874156183742,124.18541340642427,255.59833302816403,116.39316787719729,110.95331166585288,71.2404807298005,3.0095014279996093,72.4630171638655,0.03154545454545454,0.8443636363636364,0.12400000000000001,0.13057272727272726,0.04581818181818182,0.8161818181818181,0.138,0.9854272727272728,0.78,0.72
2019-04-29,129.89999389648438,130.17999267578125,129.35000610351562,129.77000427246094,16324200,msft,0,0.13109999656677246,0.04510325592409838,111.33483828532395,125.36312237751784,216.9855393190731,116.83986129760744,111.36880887349449,71.24048072980051,3.205310027034699,72.17220781103792,0.054714285714285715,0.8015714285714285,0.14385714285714285,0.11497142857142857,0.04371428571428571,0.803,0.15314285714285716,0.8774142857142857,0.745,0.69
2019-04-30,129.80999755859375,130.6999969482422,129.38999938964844,130.60000610351562,24166500,msft,1,0.13119999885559083,0.06399661015127493,111.23787586794118,126.57971980466624,193.9259346669788,117.25980428059896,111.82415669759116,72.34763695206497,3.386209887971418,72.94914868988451,0.050279411764705885,0.8875000000000001,0.062191176470588236,0.019697058823529415,0.023411764705882354,0.8700441176470588,0.10658823529411765,0.9826220588235293,0.765,0.65
2019-05-01,130.52999877929688,130.64999389648438,127.6999969482422,127.87999725341795,26821700,msft,2,0.14800000190734863,0.10326649709067132,111.58381742283416,127.0739859218924,142.17780540192598,117.5895060221354,112.18817710876463,52.01648091313849,3.2795588230431747,66.64138184404314,0.034869565217391305,0.8566521739130435,0.10845652173913044,0.10549891304347826,0.024891304347826087,0.8629565217391304,0.11222826086956521,0.9818010869565217,0.68875,0.65
2019-05-02,127.9800033569336,128.0,125.5199966430664,126.20999908447266,27350200,msft,3,0.14420000076293943,0.03666426774949997,111.96260817266244,127.2985223510192,89.87055211393454,117.86957600911458,112.50153834025063,30.7484952852284,3.0298226644320465,63.17207696918714,0.0,0.9761428571428572,0.023857142857142858,0.04228571428571428,0.03842857142857143,0.8774285714285713,0.08428571428571428,0.35312857142857146,0.76,0.59
2019-05-03,127.36000061035156,129.42999267578125,127.25,128.89999389648438,24911100,msft,4,0.12869999885559083,0.04061852403218131,112.38436558823147,127.799154919581,113.6659620985431,118.14932250976562,112.87734196980794,36.935255430396026,3.0071061627545674,66.11178896850512,0.0,0.8025,0.1975,0.3204,0.025,0.8274999999999999,0.14750000000000002,0.9521999999999999,0.7295833333333333,0.58
2019-05-06,126.38999938964844,128.55999755859375,126.11000061035156,128.14999389648438,24239800,msft,0,0.154399995803833,0.045766812142577135,112.8671285491749,128.1150232452587,88.99274846653769,118.50706303914389,113.25325469970704,27.247610716974357,2.897194335177943,64.62397951608028,0.07245454545454545,0.8216363636363636,0.1058409090909091,0.06449545454545454,0.02352272727272727,0.8503636363636363,0.12611363636363637,0.9839136363636364,0.80875,0.4
2019-05-07,126.45999908447266,127.18000030517578,124.22000122070312,125.5199966430664,36017700,msft,1,0.1931999969482422,0.027327747769957843,113.43686662046224,128.0857629266569,50.63587269995041,118.76038233439128,113.58036855061847,13.070927864144531,2.5752158435022494,59.74634035649407,0.06323809523809523,0.8136507936507936,0.12309523809523809,0.08209999999999999,0.024920634920634923,0.8427142857142857,0.13228571428571428,0.9766936507936508,0.8895833333333333,0.42
2019-05-08,125.44000244140624,126.37000274658205,124.75,125.51000213623048,28419000,msft,2,0.19399999618530278,0.022438581264703106,114.19780226287766,127.92718705597,44.86833636494773,119.0053217569987,113.91405995686848,13.070927864144537,2.29283458251004,59.72859807776749,0.0755,0.88575,0.03875,-0.1101,0.0415,0.83575,0.123,0.958875,0.8416666666666667,0.42
2019-05-09,124.29000091552734,125.79000091552734,123.56999969482422,125.5,27235800,msft,3,0.19100000381469726,0.06367004757742752,114.846071475258,127.79232650447834,30.59864141865599,119.2866813659668,114.22127532958984,4.745470753213618,2.044696638757358,59.71029846668532,0.0256,0.782825,0.191575,0.23827250000000003,0.019275,0.866775,0.11395,0.9696125,0.85,0.4
2019-05-10,124.91000366210938,127.93000030517578,123.81999969482422,127.12999725341795,30915100,msft,4,0.16040000915527344,0.042263695239640735,115.58396788954512,127.71190155625568,50.62984502107561,119.61541646321616,114.5560407002767,16.643902689746827,1.9527044758986565,61.692887194757056,0.1187142857142857,0.7839285714285713,0.0973095238095238,-0.030023809523809526,0.03264285714285714,0.859642857142857,0.10771428571428572,0.88105,0.7904166666666668,0.41
2019-05-13,124.11000061035156,125.5500030517578,123.04000091552734,123.3499984741211,33944900,msft,0,0.20549999237060546,0.06376600950101176,115.9975586598202,127.53035882064852,3.9537634404513455,119.78977457682292,114.82844924926758,11.230480743015416,1.5668298143740031,55.17895239989753,0.03325,0.903625,0.063125,0.0448,0.039625,0.86725,0.093125,0.5444125,0.825,0.35
2019-05-14,123.87000274658205,125.87999725341795,123.6999969482422,124.7300033569336,25266300,msft,1,0.18059999465942383,0.03684820480863841,116.58413219175851,127.29959202088796,16.145029537082447,119.9738021850586,115.10191535949708,13.055337768562543,1.3530891950631911,56.897731885039896,0.0954,0.9046,0.0,-0.16040000000000001,0.0364,0.8622,0.1012,0.583,0.8745833333333333,0.35
2019-05-15,124.26000213623048,126.70999908447266,123.6999969482422,126.0199966430664,24722700,msft,2,0.16440000534057617,0.04318615643962287,117.44580679250484,126.99062585520024,30.375069709101822,120.2089599609375,115.40448837280272,17.609202439708252,1.3056841303176867,58.96944940617979,0.05253333333333333,0.7914,0.15606666666666666,0.14469555555555555,0.0292,0.8468222222222223,0.12393333333333333,0.8366822222222222,0.88625,0.35
2019-05-16,126.75,129.3800048828125,126.45999908447266,128.92999267578125,30112200,msft,3,0.15289999961853026,0.14551973448355315,118.14402562791147,127.03082712477408,85.10505125800339,120.51311213175455,115.76315193176268,30.18370573833128,1.4789393638847486,62.10283703643857,0.040871794871794875,0.8181282051282052,0.14097435897435898,0.12151282051282052,0.02823076923076923,0.8417435897435896,0.1301025641025641,0.9299435897435898,0.8979166666666667,0.37
2019-05-17,128.30999755859375,130.4600067138672,127.91999816894533,128.07000732421875,25770500,msft,4,0.15960000038146974,0.05215315227526017,118.62001745406062,127.05510080155464,93.1649114719043,120.8091054280599,116.0714874267578,34.50576940466838,1.5312517112463129,60.68601507928746,0.020714285714285713,0.8761428571428571,0.10314285714285713,0.13378571428571429,0.036571428571428574,0.8352857142857142,0.128,0.9594142857142858,0.8483333333333333,0.36
2019-05-20,126.5199966430664,127.58999633789062,125.76000213623048,126.22000122070312,23706900,msft,0,0.16309999465942382,0.05091891857259101,119.02906373270244,126.92907759420186,38.37683345562362,121.0281717936198,116.32476196289062,18.784541937753072,1.4115682733231267,57.75379360948031,0.0,0.809,0.191,0.5106,0.052,0.775,0.173,0.9988,0.80375,0.33
2019-05-21,127.43000030517578,127.52999877929688,126.58000183105467,126.9000015258789,15293300,msft,1,0.14949999809265135,0.028813687698621686,119.20362871124485,126.94109251067898,45.82323587573993,121.26794637044271,116.57904408772788,18.784541937753065,1.3543567285549756,58.51597703033848,0.0,1.0,0.0,0.0,0.0,0.844,0.156,0.9575,0.88125,0.34
2019-05-22,126.62000274658205,128.24000549316406,126.5199966430664,127.66999816894533,15396500,msft,2,0.1475,0.055646198654586115,119.48336811493122,126.96423320342817,53.676925829154406,121.5535789489746,116.83337224324544,22.200098482134518,1.3537079546363344,59.37451776132492,0.0985,0.85025,0.051250000000000004,-0.16374999999999998,0.06825,0.81125,0.12075,0.915675,0.88625,0.32
2019-05-23,126.1999969482422,126.29000091552734,124.73999786376952,126.18000030517578,23603800,msft,3,0.16920000076293945,0.07224738917796786,119.43078264428031,126.77482038306344,3.086839741188615,121.76168390909832,117.06666272481284,9.822534281410096,1.222424859969351,57.01257512130943,0.09957142857142856,0.7542857142857143,0.14614285714285716,0.017185714285714297,0.04957142857142858,0.8344285714285714,0.11642857142857142,0.5737428571428572,0.8204166666666667,0.28
2019-05-24,126.91000366210938,127.41999816894533,125.97000122070312,126.23999786376952,14123400,msft,4,0.15850000381469728,0.016012319567895443,119.46188113573396,126.43599712964688,21.555538091294657,121.96721776326496,117.3031795501709,15.622328033991389,1.1102812901613817,57.08368461607333,0.04,0.741,0.219,0.22741666666666668,0.044000000000000004,0.8498333333333333,0.10616666666666667,0.87735,0.7695833333333333,0.27
2019-05-28,126.9800033569336,128.0,126.0500030517578,126.16000366210938,23128400,msft,1,0.175,0.028264730019777102,119.51367890720095,126.08031141872678,22.94820646825081,122.15018157958984,117.53034540812176,18.49837813770029,1.003574106800173,56.95373213588324,0.048125,0.784375,0.16749999999999998,0.132175,0.020875,0.83175,0.1475,0.976425,0.8475,0.23
2019-05-29,125.37999725341795,125.38999938964844,124.04000091552734,124.94000244140624,22763100,msft,2,0.17899999618530274,0.05515743870765266,119.63436109733316,125.45709703254964,-48.06984554225778,122.29045715332032,117.74212926228842,5.213129200920444,0.814088530917914,54.97902546039646,0.0,0.8656,0.1344,0.18164,0.0174,0.8764,0.10640000000000001,0.88216,0.8633333333333333,0.25
2019-05-30,125.26000213623048,125.76000213623048,124.77999877929688,125.7300033569336,16829600,msft,3,0.17299999237060548,0.0570308567985203,119.59129523955744,125.3372844723566,-34.36035276878116,122.46531194051109,117.97571487426758,7.259105947441349,0.7175102527808832,56.00091602946134,0.22150000000000003,0.673,0.1055,-0.15558333333333332,0.030333333333333334,0.851,0.11850000000000001,0.9097166666666667,0.8183333333333332,0.24
2019-05-31,124.2300033569336,124.62000274658205,123.31999969482422,123.68000030517578,26646800,msft,4,0.18709999084472656,0.06581679404461484,119.29415400980407,125.43407093526426,-101.51878658225696,122.54162394205729,118.17533798217774,1.691546672928146,0.4749673504741736,52.784639443619525,0.0,0.8781666666666667,0.12183333333333334,0.15036666666666668,0.034333333333333334,0.8248333333333333,0.1406666666666667,0.9867333333333334,0.7879166666666667,0.24
2019-06-03,123.8499984741211,124.37000274658205,119.01000213623048,119.83999633789062,37983600,msft,0,0.1886000061035156,0.10988225891143476,118.02839579168229,125.8667397063646,-205.0497274539806,122.44215265909833,118.33476804097494,22.183388013607253,-0.0177438626249824,47.49848373421013,0.07333333333333333,0.8088333333333333,0.11783333333333335,0.028533333333333338,0.06966666666666667,0.8220000000000001,0.1085,0.05541666666666667,0.7754166666666668,0.25
2019-06-04,121.27999877929688,123.27999877929688,120.6500015258789,123.16000366210938,29382600,msft,1,0.16969999313354492,0.05307881532998292,117.77968899679855,125.67705843972487,-151.7386772065473,122.43750839233398,118.54596252441408,22.183388013607267,-0.1465524355014196,51.81446350059329,0.02557142857142857,0.8647142857142857,0.10971428571428572,0.09071428571428572,0.06657142857142857,0.8354285714285714,0.098,0.5092,0.82625,0.28
2019-06-05,124.9499969482422,125.87000274658205,124.20999908447266,125.83000183105467,24926100,msft,2,0.1609000015258789,0.06021918040937509,117.81762513281718,125.7141276442824,-40.4667526831233,122.46508814493816,118.7629561106364,6.8846299644757085,-0.0391049023547367,54.89898481293098,0.06030769230769231,0.7777692307692308,0.16176923076923075,0.1716,0.051000000000000004,0.8596153846153847,0.08946153846153847,0.5930461538461539,0.775,0.29
2019-06-06,126.44000244140624,127.97000122070312,125.5999984741211,127.81999969482422,21459000,msft,3,0.1593000030517578,0.03469168859209724,117.83010190526252,125.97074495753048,27.494813810360476,122.57090021769206,118.99940605163576,3.5793372636465106,0.1995801854916408,57.02030930738721,0.060375,0.794,0.145625,0.0312,0.03675,0.840125,0.123125,0.97375,0.7866666666666667,0.29
2019-06-07,129.19000244140625,132.25,128.25999450683594,131.39999389648438,33885600,msft,4,0.16299999237060547,0.034427386598182036,117.440405611544,126.97791714236224,160.18498545728193,122.65909067789714,119.2795778910319,20.52954979545596,0.661451270331952,60.479590714414734,0.04766666666666666,0.7333333333333334,0.219,0.3930666666666667,0.056666666666666664,0.824,0.11866666666666666,0.7985333333333333,0.74875,0.32
2019-06-10,132.39999389648438,134.0800018310547,132.0,132.60000610351562,26477100,msft,0,0.15939999580383302,0.11869917143781884,116.92021444806112,128.07444421282753,228.36286852395,122.76225102742514,119.5777094523112,26.439971891451663,1.108679246448531,61.55266849733791,0.013666666666666667,0.9095555555555556,0.07677777777777778,0.1031111111111111,0.02188888888888889,0.8546666666666667,0.12322222222222222,0.9562222222222222,0.74625,0.37
2019-06-11,133.8800048828125,134.24000549316406,131.27999877929688,132.10000610351562,23913700,msft,1,0.15989999771118163,0.03964823341414597,117.0364315981771,128.85151472140296,200.1572051314917,122.853103129069,119.84648221333822,22.60496382328871,1.4077280311178555,60.840606844399446,0.036153846153846154,0.8426153846153847,0.12123076923076924,0.10536153846153845,0.03423076923076923,0.8553846153846153,0.11038461538461539,0.8251538461538461,0.71875,0.36
2019-06-12,131.39999389648438,131.97000122070312,130.7100067138672,131.49000549316406,17092500,msft,2,0.1590999984741211,0.05157047303314239,117.14654508029224,129.44206347073316,155.4147676425648,122.89747314453123,120.07863871256512,19.536770758020506,1.5787601616863045,59.965152527538,0.0578,0.8366,0.1056,0.015400000000000002,0.041,0.8286,0.1306,0.6004,0.6991666666666667,0.34
2019-06-13,131.97999572753906,133.0,131.55999755859375,132.32000732421875,17200800,msft,3,0.15819999694824222,0.07833726009856888,117.06546323319266,130.13452837447338,169.10047135937373,123.05635604858398,120.3229310353597,23.24700686022885,1.7590236251605944,60.75993968784346,0.122,0.581,0.297,0.4588,0.127,0.78,0.093,-0.9853,0.695,0.39
